param nPaletes:=50;
param nNiveis:=50;

#Referencia	Altura	Largura	Taxa de utilização
param PALETES:
	1	2	3	4:=
1	1	79	1000	176
2	1	59	1000	176
3	2	47	1000	167
4	3	47	1000	166
5	4	59	1000	157
6	5	46	1000	148
7	6	83.2	1000	144
8	7	33	1000	129
9	8	79	1000	125
10	9	33	1000	124
11	10	33	1000	114
12	11	33	1000	100
13	12	79	1000	96
14	12	79	1000	96
15	12	79	1000	96
16	12	79	1000	96
17	12	79	1000	96
18	12	79	1000	96
19	12	79	1000	96
20	12	79	1000	96
21	13	79	1000	95
22	13	79	1000	95
23	13	79	1000	95
24	13	79	1000	95
25	13	79	1000	95
26	13	79	1000	95
27	13	79	1000	95
28	13	79	1000	95
29	14	33	1000	95
30	15	79	1000	93
31	15	79	1000	93
32	15	79	1000	93
33	15	79	1000	93
34	15	79	1000	93
35	15	79	1000	93
36	15	79	1000	93
37	15	79	1000	93
38	15	79	1000	93
39	15	79	1000	93
40	15	79	1000	93
41	15	79	1000	93
42	15	79	1000	93
43	15	79	1000	93
44	15	79	1000	93
45	15	79	1000	93
46	15	79	1000	93
47	15	79	1000	93
48	15	79	1000	93
49	15	79	1000	93
50	16	79	1000	93; 

#tempo	Largura	Altura
param NIVEIS:
1	2	3:=
1	0.58	3200	120
2	1.73	3200	120
3	2.88	3200	120
4	4.03	3200	120
5	5.18	3200	120
6	6.33	3200	120
7	7.48	3200	120
8	8.63	3200	120
9	9.78	3200	120
10	10.93	3200	120
11	12.08	3200	120
12	13.23	3200	120
13	14.38	3200	120
14	15.53	3200	120
15	16.68	3200	120
16	17.83	3200	120
17	18.98	3200	120
18	20.13	3200	120
19	21.28	3200	120
20	22.43	3200	120
21	23.58	3200	120
22	24.73	3200	120
23	25.88	3200	120
24	27.03	3200	120
25	28.18	3200	120
26	29.33	3200	120
27	30.48	3200	120
28	31.63	3200	120
29	32.78	3200	120
30	33.93	3200	120
31	35.08	3200	120
32	36.23	3200	120
33	37.38	3200	120
34	38.53	3200	120
35	39.68	3200	120
36	40.83	3200	120
37	41.98	3200	120
38	43.13	3200	120
39	44.28	3200	120
40	45.43	3200	120
41	46.58	3200	120
42	47.73	3200	120
43	48.88	3200	120
44	50.03	3200	120
45	51.18	3200	120
46	52.33	3200	120
47	53.48	3200	120
48	54.63	3200	120
49	55.78	3200	120
50	56.93	3200	120; 
