param vertices :=20;
param Norigens:=20;
param Ndestinos:=20;

param QtdO:= 
1 1000
2 1000 
3 1000
4 1000
5 1000
6 0
7 0
8 0
9 0
10 0
11 0
12 0
13 0
14 0
15 0
16 0
17 0
18 0
19 0
20 0; 

param QtdD:=
1 0
2 0 
3 0
4 0
5 0
6 0
7 0
8 0
9 0
10 0
11 0
12 0
13 0
14 0
15 0
16 1000
17 1000
18 1000
19 1000
20 1000; 

param matriz:	1	2	3	4	5	6	7	8	9	10	11	12	13	14	15	16	17	18	19	20	:=
1	0	0	0	0	0	1	1	1	0	0	0	0	0	0	0	0	0	0	0	0	
2	0	0	0	0	0	1	1	1	1	0	0	0	0	0	0	0	0	0	0	0	
3	0	0	0	0	0	1	1	1	1	1	0	0	0	0	0	0	0	0	0	0	
4	0	0	0	0	0	1	1	1	1	1	0	0	0	0	0	0	0	0	0	0	
5	0	0	0	0	0	1	1	1	1	1	0	0	0	0	0	0	0	0	0	0	
6	0	0	0	0	0	0	0	0	0	0	1	1	1	0	0	0	0	0	0	0	
7	0	0	0	0	0	0	0	0	0	0	1	1	1	1	0	0	0	0	0	0	
8	0	0	0	0	0	0	0	0	0	0	1	1	1	1	1	0	0	0	0	0	
9	0	0	0	0	0	0	0	0	0	0	1	1	1	1	1	0	0	0	0	0	
10	0	0	0	0	0	0	0	0	0	0	1	1	1	1	1	0	0	0	0	0	
11	0	0	0	0	0	0	0	0	0	0	0	0	0	0	0	1	1	1	0	0	
12	0	0	0	0	0	0	0	0	0	0	0	0	0	0	0	1	1	1	1	0	
13	0	0	0	0	0	0	0	0	0	0	0	0	0	0	0	1	1	1	1	1	
14	0	0	0	0	0	0	0	0	0	0	0	0	0	0	0	1	1	1	1	1	
15	0	0	0	0	0	0	0	0	0	0	0	0	0	0	0	1	1	1	1	1	
16	0	0	0	0	0	0	0	0	0	0	0	0	0	0	0	0	0	0	0	0	
17	0	0	0	0	0	0	0	0	0	0	0	0	0	0	0	0	0	0	0	0	
18	0	0	0	0	0	0	0	0	0	0	0	0	0	0	0	0	0	0	0	0	
19	0	0	0	0	0	0	0	0	0	0	0	0	0	0	0	0	0	0	0	0	
20	0	0	0	0	0	0	0	0	0	0	0	0	0	0	0	0	0	0	0	0	
;

param custos :	1	2	3	4	5	6	7	8	9	10	11	12	13	14	15	16	17	18	19	20	:=
1	0	0	0	0	0	3	2	1	0	0	0	0	0	0	0	0	0	0	0	0	
2	0	0	0	0	0	4	3	2	1	0	0	0	0	0	0	0	0	0	0	0	
3	0	0	0	0	0	5	4	3	2	1	0	0	0	0	0	0	0	0	0	0	
4	0	0	0	0	0	6	5	4	3	2	0	0	0	0	0	0	0	0	0	0	
5	0	0	0	0	0	7	6	5	4	3	0	0	0	0	0	0	0	0	0	0	
6	0	0	0	0	0	0	0	0	0	0	3	2	1	0	0	0	0	0	0	0	
7	0	0	0	0	0	0	0	0	0	0	4	3	2	1	0	0	0	0	0	0	
8	0	0	0	0	0	0	0	0	0	0	5	4	3	2	1	0	0	0	0	0	
9	0	0	0	0	0	0	0	0	0	0	6	5	4	3	2	0	0	0	0	0	
10	0	0	0	0	0	0	0	0	0	0	7	6	5	4	3	0	0	0	0	0	
11	0	0	0	0	0	0	0	0	0	0	0	0	0	0	0	3	2	1	0	0	
12	0	0	0	0	0	0	0	0	0	0	0	0	0	0	0	4	3	2	1	0	
13	0	0	0	0	0	0	0	0	0	0	0	0	0	0	0	5	4	3	2	1	
14	0	0	0	0	0	0	0	0	0	0	0	0	0	0	0	6	5	4	3	2	
15	0	0	0	0	0	0	0	0	0	0	0	0	0	0	0	7	6	5	4	3	
16	0	0	0	0	0	0	0	0	0	0	0	0	0	0	0	0	0	0	0	0	
17	0	0	0	0	0	0	0	0	0	0	0	0	0	0	0	0	0	0	0	0	
18	0	0	0	0	0	0	0	0	0	0	0	0	0	0	0	0	0	0	0	0	
19	0	0	0	0	0	0	0	0	0	0	0	0	0	0	0	0	0	0	0	0	
20	0	0	0	0	0	0	0	0	0	0	0	0	0	0	0	0	0	0	0	0	
;
