param nPaletes:=20;
param nNiveis:=15;

#Referencia	Altura	Largura	Taxa de utilização
param PALETES:
	1	2	3	4:=
1	1	790	1000	176
2	1	590	1000	176
3	2	470	1000	167
4	3	470	1000	166
5	4	590	1000	157
6	5	460	1000	148
7	6	832	1000	144
8	7	330	1000	129
9	8	790	1000	125
10	9	330	1000	124
11	10	1090	800	31
12	11	1090	800	31
13	12	790	800	29
13	13	790	800	29
15	14	790	800	29
16	15	790	800	29
17	16	610	800	23
18	17	610	800	23
19	18	790	800	15
10	19	390	800	15; 


#tempo	Largura	Altura
param NIVEIS:
1	2	3:=
1	0.58	3200	120
2	1.73	3200	120
3	2.88	3200	120
4	4.03	3200	120
5	5.18	3200	120
6	6.33	3200	120
7	7.48	3200	120
8	8.63	3200	120
9	9.78	3200	120
10	10.93	3200	120
11	12.08	3200	120
12	13.23	3200	120
58	3.58	3200	1200
59	4.73	3200	1200
60	5.88	3200	1200
229	0.58	3200	1200
230	1.73	3200	1200
231	2.88	3200	1200
232	4.03	3200	1200
233	5.18	3200	1200; 
